231.jpg
1
360 84 931 705
461.jpg
4
550 433 647 542
872 376 969 493
223 329 433 587
306 515 407 614
445.jpg
2
573 276 794 516
631 5 1198 584
63.jpg
1
735 141 961 407
253.jpg
1
79 111 189 222
51.jpg
1
91 9 931 677
163.jpg
1
199 92 690 588
257.jpg
1
627 221 765 361
641.jpg
3
418 33 763 413
90 407 295 611
678 339 798 477
21.jpg
1
239 25 452 257
291.jpg
2
402 49 763 434
777 367 945 579
600.jpg
1
201 89 255 134
484.jpg
2
706 135 938 447
830 428 986 522
858.jpg
1
81 114 194 246
222.jpg
1
217 69 395 303
197.jpg
1
56 106 200 266
92.jpg
1
413 16 841 471
387.jpg
1
18 76 253 333
456.jpg
1
232 148 314 249
769.jpg
1
128 4 771 602
775.jpg
2
92 131 140 192
241 116 334 216
148.jpg
1
356 6 1119 775
261.jpg
2
113 22 348 277
517 34 786 335
132.jpg
1
102 55 201 167
521.jpg
1
112 104 184 187
652.jpg
1
274 114 454 325
174.jpg
6
555 310 634 418
104 380 194 473
386 622 482 730
539 592 642 701
917 73 1012 186
402 52 475 154
318.jpg
1
97 8 260 184
82.jpg
1
485 217 699 468
490.jpg
1
211 14 365 191
428.jpg
1
88 68 184 166
18.jpg
1
678 134 964 447
79.jpg
1
283 153 387 278
730.jpg
1
78 81 165 171
220.jpg
1
206 3 612 426
141.jpg
1
122 118 188 193
134.jpg
1
270 108 380 297
487.jpg
1
487 7 1167 736
480.jpg
1
329 20 933 657
180.jpg
1
157 212 573 633
108.jpg
1
367 387 620 653
235.jpg
1
421 192 587 359
13.jpg
1
394 127 864 686
62.jpg
1
122 15 393 245
483.jpg
1
502 72 791 318
43.jpg
1
39 5 800 675
335.jpg
1
234 216 450 457
491.jpg
1
306 201 502 469
406.jpg
3
415 35 763 410
92 405 290 601
671 330 793 476
414.jpg
1
338 2 1127 781
1.jpg
1
225 115 318 215
374.jpg
1
230 35 844 910
225.jpg
1
436 108 1149 750
205.jpg
1
564 217 776 481
211.jpg
1
413 155 820 609
101.jpg
1
277 206 575 500
336.jpg
1
194 90 269 170
316.jpg
1
24 104 196 315
302.jpg
1
290 79 670 571
495.jpg
1
210 14 662 472
360.jpg
1
315 144 720 629
312.jpg
1
619 246 792 440
223.jpg
1
231 92 288 155
25.jpg
1
100 71 228 199
37.jpg
1
450 35 675 285
164.jpg
1
343 80 542 325
421.jpg
1
196 234 392 457
230.jpg
1
161 84 257 179
293.jpg
1
86 112 139 173
168.jpg
1
27 16 358 380
398.jpg
1
78 161 464 584
432.jpg
3
236 165 400 350
93 86 249 289
343 502 533 712
96.jpg
1
100 23 255 181
326.jpg
2
605 74 791 313
778 115 921 326
117.jpg
1
668 71 1316 635
120.jpg
2
58 91 366 369
64 338 364 562
395.jpg
2
367 300 552 482
556 177 757 391
59.jpg
1
47 13 513 643
454.jpg
1
680 205 1105 731
215.jpg
1
99 104 146 160
262.jpg
1
67 103 152 194
442.jpg
1
58 129 159 250
338.jpg
1
101 25 239 160
412.jpg
1
362 150 669 494
26.jpg
1
164 75 243 156
83.jpg
1
281 27 402 144
328.jpg
1
264 104 752 491
433.jpg
1
413 86 678 330
467.jpg
1
222 181 461 479
268.jpg
1
275 94 689 529
103.jpg
1
249 96 296 152
46.jpg
1
414 72 926 640
300.jpg
1
320 42 689 415
435.jpg
2
635 163 804 432
58 240 215 428
30.jpg
1
159 79 215 147
105.jpg
1
297 82 663 570
464.jpg
1
224 16 666 429
133.jpg
1
315 117 737 536
214.jpg
1
68 23 521 490
144.jpg
1
611 218 1003 622
401.jpg
1
192 240 469 523
2.jpg
1
85 95 455 421
340.jpg
1
316 51 670 471
183.jpg
1
93 133 183 242
311.jpg
1
250 57 579 446
369.jpg
1
537 81 768 341
255.jpg
1
374 109 598 345
7.jpg
1
212 51 1046 682
450.jpg
1
46 108 184 263
496.jpg
3
136 14 222 105
100 219 173 295
135 405 203 488
5.jpg
1
614 286 768 447
208.jpg
2
408 40 604 279
183 155 319 260
200.jpg
1
10 1 275 224
161.jpg
1
6 5 368 560
321.jpg
1
354 165 471 275
499.jpg
1
99 14 329 274
113.jpg
1
463 105 656 396
204.jpg
1
115 55 456 422
23.jpg
1
146 97 263 216
118.jpg
1
161 39 293 151
497.jpg
1
329 219 577 507
493.jpg
1
376 263 656 541
310.jpg
1
50 42 148 148
346.jpg
1
358 3 855 675
410.jpg
1
217 101 869 652
453.jpg
6
208 320 359 476
454 291 603 472
661 246 777 363
824 90 891 166
62 302 188 406
0 217 71 315
371.jpg
1
515 198 776 463
194.jpg
1
231 130 469 348
75.jpg
1
261 25 782 741
482.jpg
1
199 206 337 373
296.jpg
1
96 89 213 223
15.jpg
1
264 134 548 444
272.jpg
1
107 174 376 485
287.jpg
2
216 5 326 123
405 4 527 93
33.jpg
1
343 147 456 286
192.jpg
1
494 256 734 505
125.jpg
1
477 383 550 460
248.jpg
1
332 139 465 319
49.jpg
1
144 209 374 512
36.jpg
1
174 4 892 767
243.jpg
2
180 157 638 624
591 22 1088 499
331.jpg
1
310 78 525 266
481.jpg
1
210 10 390 235
17.jpg
1
272 209 548 556
425.jpg
1
176 29 540 429
337.jpg
1
732 125 1012 447
66.jpg
1
267 16 418 151
95.jpg
1
159 46 699 595
254.jpg
1
133 167 285 309
203.jpg
2
27 14 516 447
360 317 563 544
196.jpg
2
156 71 375 396
30 420 253 555
128.jpg
1
153 215 364 506
94.jpg
1
132 29 576 514
458.jpg
1
180 145 609 618
236.jpg
1
301 121 895 633
342.jpg
1
356 224 1028 798
289.jpg
1
210 32 281 128
276.jpg
1
44 66 221 267
457.jpg
1
219 89 296 172
492.jpg
1
339 249 461 398
53.jpg
1
294 60 691 608
266.jpg
1
421 244 709 593
160.jpg
1
231 66 933 776
377.jpg
1
420 96 523 220
224.jpg
1
642 189 910 479
367.jpg
1
58 40 309 288
363.jpg
2
280 120 445 251
538 157 646 288
408.jpg
1
342 280 448 378
50.jpg
1
19 186 353 666
129.jpg
1
175 100 410 365
399.jpg
1
45 111 154 216
306.jpg
1
595 175 737 315
470.jpg
1
21 23 172 191
426.jpg
2
458 244 624 467
586 241 781 479
27.jpg
1
306 86 834 670
42.jpg
1
160 69 276 188
76.jpg
1
214 236 452 491
181.jpg
1
181 75 727 646
413.jpg
0
218.jpg
1
160 29 604 475
73.jpg
1
396 139 543 325
323.jpg
1
150 88 213 166
152.jpg
0
122.jpg
1
161 61 366 271
430.jpg
1
245 39 677 501
212.jpg
1
113 46 235 193
372.jpg
1
476 231 773 557
427.jpg
1
84 80 149 149
81.jpg
14
246 107 294 169
300 111 343 161
218 64 262 103
248 2 286 28
325 16 357 52
433 4 450 39
131 68 168 111
112 36 152 78
92 5 122 37
18 23 56 61
38 82 77 122
71 66 107 106
3 46 20 81
2 83 20 115
389.jpg
1
376 112 481 218
479.jpg
2
359 89 656 442
253 366 447 582
392.jpg
1
251 52 422 236
169.jpg
1
7 112 212 297
29.jpg
1
61 52 433 436
71.jpg
1
102 125 153 193
313.jpg
1
723 177 914 392
403.jpg
1
313 104 979 736
423.jpg
1
513 30 1211 707
142.jpg
1
608 190 841 448
8.jpg
1
331 160 629 459
418.jpg
1
373 73 521 217
434.jpg
1
169 88 549 495
345.jpg
1
33 85 603 765
207.jpg
2
126 138 211 238
224 174 309 267
229.jpg
1
105 45 194 144
397.jpg
5
101 162 187 254
296 154 361 239
348 119 442 230
429 78 483 143
165 56 231 124
233.jpg
3
298 129 478 274
175 412 412 665
558 67 753 257
449.jpg
1
218 43 428 299
260.jpg
1
234 91 653 613
475.jpg
1
302 99 981 732
114.jpg
1
164 66 261 147
56.jpg
1
217 92 278 164
320.jpg
1
121 72 547 507
190.jpg
1
201 15 281 102
379.jpg
1
441 59 747 463
362.jpg
2
297 74 619 302
719 282 1015 643
38.jpg
1
125 63 217 178
198.jpg
1
449 232 566 342
241.jpg
1
615 180 699 303
294.jpg
1
79 62 188 203
234.jpg
1
38 20 333 301
45.jpg
1
46 35 305 241
351.jpg
1
114 36 216 122
98.jpg
1
53 17 226 191
249.jpg
1
403 10 754 388
417.jpg
1
94 57 706 718
244.jpg
1
171 87 229 160
353.jpg
1
103 15 493 270
415.jpg
3
282 12 457 216
480 123 707 401
492 354 877 614
87.jpg
1
188 201 303 355
407.jpg
1
149 24 324 224
416.jpg
2
250 45 602 462
740 100 1060 417
20.jpg
1
227 121 273 168
140.jpg
1
258 102 303 162
437.jpg
1
233 6 903 672
298.jpg
1
499 64 874 501
9.jpg
2
159 129 242 200
311 40 388 116
429.jpg
1
320 180 575 517
332.jpg
1
417 245 929 703
155.jpg
1
37 6 281 293
355.jpg
1
128 10 441 316
175.jpg
2
176 155 641 625
599 25 1043 495
396.jpg
1
1 117 414 694
64.jpg
1
460 142 949 584
165.jpg
1
267 77 742 641
216.jpg
1
476 128 878 555
247.jpg
1
148 41 302 191
400.jpg
2
276 63 603 458
742 97 1063 407
465.jpg
1
154 159 414 430
468.jpg
2
531 65 882 431
379 335 568 541
330.jpg
1
242 76 358 200
393.jpg
1
277 94 649 524
131.jpg
1
188 4 300 152
31.jpg
1
336 169 493 350
444.jpg
1
174 31 262 124
32.jpg
1
118 152 407 414
149.jpg
2
263 68 507 334
487 143 752 409
258.jpg
1
219 23 547 344
39.jpg
1
448 28 672 291
139.jpg
2
615 321 751 497
739 215 883 419
110.jpg
2
145 176 502 547
464 131 839 458
202.jpg
2
457 248 628 477
589 249 779 487
277.jpg
1
356 386 617 653
246.jpg
1
92 129 182 242
344.jpg
2
456 153 635 343
618 127 800 336
111.jpg
1
224 26 540 335
116.jpg
1
66 4 585 449
440.jpg
1
482 245 678 462
448.jpg
1
434 121 510 198
115.jpg
1
292 125 398 250
167.jpg
1
282 39 538 316
474.jpg
1
431 142 656 421
349.jpg
1
142 215 453 597
384.jpg
1
163 37 566 450
138.jpg
3
374 250 451 358
290 377 383 454
552 220 605 282
86.jpg
2
124 123 209 210
227 180 307 252
284.jpg
1
408 147 552 298
283.jpg
1
133 5 770 590
278.jpg
2
611 100 813 376
742 235 975 514
210.jpg
1
36 43 322 319
154.jpg
1
408 48 943 532
135.jpg
1
200 70 570 405
280.jpg
1
195 57 367 202
239.jpg
1
162 55 679 636
368.jpg
1
23 4 490 474
478.jpg
1
129 116 177 171
228.jpg
1
191 84 457 358
179.jpg
1
347 93 661 409
269.jpg
1
109 36 199 132
99.jpg
1
537 191 708 305
317.jpg
1
181 5 522 315
240.jpg
0
34.jpg
1
101 227 405 567
107.jpg
1
206 206 401 398
297.jpg
1
380 5 965 636
477.jpg
1
407 159 564 336
57.jpg
1
60 51 133 127
466.jpg
1
172 58 304 201
89.jpg
1
589 166 1065 652
104.jpg
1
287 99 351 182
259.jpg
2
173 7 352 199
392 215 677 481
147.jpg
1
626 194 981 483
61.jpg
1
131 121 385 451
19.jpg
12
445 338 545 435
585 404 670 485
809 395 900 482
931 360 1029 444
803 306 887 393
661 304 736 378
686 214 745 284
443 181 485 228
530 265 605 326
369 300 455 373
219 355 304 433
77 349 163 438
252.jpg
1
638 121 809 323
127.jpg
1
418 179 680 411
299.jpg
1
223 16 447 299
419.jpg
3
116 40 210 127
73 253 188 412
142 603 232 703
446.jpg
2
473 70 842 689
109 117 519 639
55.jpg
1
282 92 609 440
264.jpg
1
77 112 651 660
145.jpg
1
482 148 908 666
44.jpg
1
129 120 416 470
460.jpg
1
263 5 975 754
14.jpg
1
346 47 578 347
441.jpg
2
422 55 511 157
223 172 328 275
74.jpg
1
422 259 646 515
65.jpg
1
105 39 312 254
314.jpg
1
131 81 633 572
78.jpg
1
522 243 644 438
463.jpg
1
191 56 614 472
329.jpg
1
215 128 363 277
137.jpg
2
87 45 143 112
56 84 117 156
380.jpg
1
32 180 468 689
6.jpg
1
310 35 671 470
281.jpg
1
165 54 229 129
409.jpg
1
32 99 197 280
97.jpg
1
185 30 867 700
72.jpg
1
465 126 880 544
498.jpg
1
146 35 352 258
471.jpg
1
173 66 324 201
271.jpg
2
337 233 457 352
519 235 665 370
22.jpg
1
76 156 149 234
245.jpg
1
218 128 294 207
156.jpg
1
283 122 350 195
52.jpg
1
64 3 310 266
295.jpg
2
435 5 741 349
282 129 492 304
24.jpg
1
409 206 519 353
309.jpg
1
234 106 318 211
354.jpg
3
33 16 256 316
537 14 699 189
804 326 943 449
348.jpg
1
425 5 563 159
146.jpg
1
279 210 567 496
16.jpg
1
30 38 364 328
178.jpg
1
132 99 227 191
472.jpg
1
572 133 694 303
126.jpg
1
368 311 481 492
185.jpg
2
125 19 472 404
120 410 323 652
68.jpg
1
434 149 835 543
48.jpg
1
447 204 614 382
124.jpg
1
155 91 261 229
219.jpg
1
133 55 251 202
473.jpg
1
566 2 841 302
381.jpg
1
593 82 819 335
166.jpg
1
248 71 752 647
176.jpg
3
69 8 215 160
7 359 109 493
64 670 173 809
358.jpg
0
370.jpg
1
635 110 802 296
238.jpg
1
154 75 219 157
35.jpg
1
51 0 788 666
84.jpg
1
34 31 491 531
60.jpg
1
77 137 170 242
158.jpg
1
364 202 465 346
80.jpg
2
303 114 476 292
176 520 327 661
112.jpg
1
75 177 187 323
469.jpg
1
85 43 201 167
486.jpg
1
336 14 972 763
376.jpg
2
429 85 616 293
560 247 667 346
102.jpg
1
202 187 451 487
356.jpg
1
301 74 717 544
195.jpg
1
16 274 101 375
41.jpg
1
254 104 656 573
100.jpg
1
126 266 512 672
405.jpg
2
314 171 352 220
217 199 255 247
301.jpg
1
76 83 150 154
273.jpg
1
248 270 351 376
199.jpg
1
301 22 519 284
119.jpg
1
139 98 204 174
334.jpg
3
4 45 70 139
81 103 160 202
241 11 319 103
177.jpg
2
925 99 1044 247
390 364 607 583
143.jpg
1
297 33 504 258
256.jpg
1
219 30 364 219
402.jpg
1
673 77 1296 591
106.jpg
1
18 159 112 267
77.jpg
2
495 122 630 284
685 53 880 298
91.jpg
1
5 35 406 515
282.jpg
1
175 85 696 643
375.jpg
1
451 107 1145 750
459.jpg
1
216 83 473 378
382.jpg
2
23 9 487 451
375 323 561 539
263.jpg
1
289 29 558 384
350.jpg
1
217 11 663 435
422.jpg
1
411 170 874 592
188.jpg
1
580 212 785 399
184.jpg
6
216 26 384 193
441 20 525 105
133 311 190 385
39 60 156 164
258 242 375 374
417 241 586 413
455.jpg
1
274 56 541 338
227.jpg
1
82 10 341 267
308.jpg
1
14 198 112 310
451.jpg
1
508 20 942 584
186.jpg
1
308 71 733 553
476.jpg
1
131 10 363 229
85.jpg
1
334 365 534 586
447.jpg
1
231 104 266 149
319.jpg
0
279.jpg
1
431 19 842 482
404.jpg
1
70 7 281 244
109.jpg
1
528 147 704 327
352.jpg
1
572 194 736 400
213.jpg
1
628 81 1007 563
333.jpg
1
360 130 650 445
361.jpg
1
331 8 909 619
373.jpg
2
201 221 486 479
537 316 679 481
88.jpg
1
584 226 824 435
390.jpg
1
178 146 607 621
251.jpg
1
154 34 772 706
411.jpg
1
380 2 905 695
136.jpg
1
55 40 234 194
193.jpg
1
57 18 307 275
162.jpg
1
129 65 216 163
159.jpg
1
150 93 235 198
391.jpg
1
462 45 931 555
10.jpg
1
96 110 135 159
123.jpg
1
103 45 451 420
47.jpg
1
673 200 1167 743
226.jpg
1
154 19 370 298
69.jpg
1
236 10 870 651
304.jpg
1
290 121 422 259
217.jpg
1
285 126 668 508
232.jpg
3
149 40 464 347
176 312 424 481
966 289 1178 472
324.jpg
1
395 110 559 343
364.jpg
1
234 110 389 277
439.jpg
1
72 11 202 138
265.jpg
1
2 0 449 509
270.jpg
1
63 44 310 265
150.jpg
1
177 229 320 399
385.jpg
1
331 81 468 257
250.jpg
1
320 34 443 144
315.jpg
0
303.jpg
2
506 303 776 563
503 2 835 306
343.jpg
1
473 59 740 416
462.jpg
1
218 2 874 691
339.jpg
1
336 201 752 631
130.jpg
1
361 80 479 206
67.jpg
1
218 295 386 534
90.jpg
1
22 0 525 510
436.jpg
1
131 33 396 284
12.jpg
2
230 221 324 323
206 95 333 229
275.jpg
1
171 32 307 173
187.jpg
1
201 11 751 653
366.jpg
2
293 118 444 247
537 156 643 285
341.jpg
1
470 84 648 288
40.jpg
0
151.jpg
1
87 7 249 167
121.jpg
1
235 96 479 377
70.jpg
1
52 56 222 260
288.jpg
1
575 30 853 398
327.jpg
3
521 2 661 158
602 294 757 502
197 287 341 501
191.jpg
1
283 1 1046 780
443.jpg
1
621 161 778 355
383.jpg
1
163 178 466 508
201.jpg
1
300 176 653 597
237.jpg
1
380 31 666 300
292.jpg
1
193 95 263 180
424.jpg
3
27 296 150 467
401 325 517 431
781 350 915 475
485.jpg
1
311 90 548 345
347.jpg
1
585 168 1074 648
221.jpg
1
31 4 281 296
11.jpg
1
479 186 553 277
28.jpg
1
603 100 858 329
182.jpg
1
604 101 859 333
157.jpg
1
104 10 476 425
93.jpg
1
302 274 409 361
488.jpg
1
415 130 667 379
438.jpg
1
183 74 712 644
386.jpg
0
394.jpg
0
489.jpg
1
516 43 788 351
58.jpg
1
104 99 447 463
357.jpg
1
285 109 333 168
494.jpg
1
65 139 239 330
365.jpg
1
84 64 138 122
54.jpg
1
191 21 601 580
388.jpg
1
222 115 701 661
171.jpg
1
469 102 724 420
4.jpg
3
37 103 111 201
260 48 333 151
332 69 418 167
153.jpg
1
71 139 167 235
172.jpg
1
410 125 481 208
359.jpg
1
474 183 598 385
325.jpg
1
316 80 837 582
378.jpg
1
359 130 787 641
307.jpg
2
490 295 760 546
632 539 860 793
170.jpg
2
147 93 217 171
214 60 301 145
267.jpg
1
526 108 715 335
206.jpg
1
408 64 859 547
209.jpg
3
365 86 579 339
560 235 768 477
105 226 352 470
420.jpg
1
59 122 377 498
322.jpg
1
86 158 150 252
452.jpg
3
444 210 618 416
661 184 765 375
164 410 293 602
274.jpg
1
89 113 182 218
305.jpg
1
246 44 511 287
189.jpg
1
43 103 389 435
290.jpg
1
328 62 703 401
3.jpg
1
57 137 157 243
431.jpg
1
292 122 388 247
173.jpg
1
375 223 1028 791
285.jpg
1
264 116 381 231
242.jpg
1
229 21 312 111
286.jpg
4
193 43 393 264
434 268 530 356
341 351 435 448
388 5 620 188
502.jpg
1
474 111 1144 749
872.jpg
1
278 94 666 434
877.jpg
1
217 126 270 197
637.jpg
2
163 140 517 491
742 329 1081 628
721.jpg
1
219 58 284 138
541.jpg
1
10 107 60 174
667.jpg
2
545 119 724 368
943 184 1140 463
918.jpg
1
270 35 492 253
548.jpg
1
149 68 532 464
864.jpg
1
434 99 603 295
740.jpg
1
419 121 701 466
705.jpg
1
395 203 578 383
829.jpg
1
57 5 383 295
924.jpg
3
24 307 145 464
400 328 516 440
780 354 918 480
609.jpg
1
592 368 918 669
791.jpg
1
42 4 593 726
555.jpg
2
442 8 761 337
150 85 464 429
811.jpg
1
74 60 458 493
873.jpg
1
275 105 535 438
824.jpg
1
99 88 175 178
552.jpg
1
353 29 693 402
535.jpg
1
334 169 640 449
711.jpg
1
317 43 688 407
870.jpg
1
136 38 300 203
501.jpg
1
83 56 741 739
642.jpg
2
141 115 212 210
223 90 303 180
837.jpg
1
332 185 456 316
510.jpg
1
377 178 547 323
733.jpg
1
241 65 683 501
925.jpg
1
246 10 774 521
827.jpg
1
169 111 612 598
855.jpg
1
237 8 471 266
569.jpg
1
329 220 568 501
926.jpg
1
77 40 253 216
665.jpg
1
83 49 440 661
583.jpg
1
238 62 366 186
582.jpg
1
88 109 159 194
919.jpg
1
148 111 473 396
663.jpg
1
142 46 287 200
917.jpg
1
394 145 804 611
660.jpg
1
485 132 935 723
899.jpg
1
226 203 414 413
793.jpg
1
385 108 719 455
668.jpg
1
38 63 632 852
825.jpg
1
169 117 312 293
801.jpg
1
329 49 611 446
532.jpg
1
645 82 961 399
865.jpg
3
120 39 212 123
71 255 194 413
144 603 234 702
630.jpg
1
320 109 918 680
530.jpg
1
76 6 648 647
655.jpg
1
196 102 265 179
623.jpg
1
569 193 732 392
761.jpg
1
248 140 547 395
784.jpg
2
171 18 303 161
41 161 116 241
816.jpg
1
372 5 909 685
922.jpg
1
88 89 165 170
708.jpg
1
541 128 867 479
883.jpg
1
445 238 945 583
587.jpg
1
169 163 230 222
731.jpg
1
220 100 818 686
531.jpg
1
322 160 638 458
843.jpg
1
231 15 434 251
720.jpg
1
116 163 247 382
717.jpg
1
178 137 478 481
758.jpg
1
61 160 273 416
503.jpg
1
305 271 407 359
813.jpg
1
599 111 1171 591
624.jpg
1
57 21 412 512
500.jpg
1
698 250 918 471
709.jpg
1
401 7 1006 627
701.jpg
1
228 79 373 246
643.jpg
1
51 114 160 205
592.jpg
4
393 371 498 474
702 258 781 359
586 338 690 441
305 113 523 332
690.jpg
2
216 114 356 251
418 127 554 266
658.jpg
1
281 130 669 500
881.jpg
1
357 151 672 489
804.jpg
1
56 141 129 229
625.jpg
1
384 73 932 629
677.jpg
2
228 85 309 155
301 95 378 175
728.jpg
0
912.jpg
1
624 60 804 266
560.jpg
1
110 103 375 434
909.jpg
1
272 198 552 556
506.jpg
2
263 137 420 295
495 157 663 313
565.jpg
1
167 64 326 231
862.jpg
1
12 72 49 126
581.jpg
2
319 111 575 335
133 246 358 510
698.jpg
1
441 109 647 313
607.jpg
1
97 63 254 241
598.jpg
1
150 159 403 432
790.jpg
2
343 83 599 292
740 315 992 637
894.jpg
1
627 161 781 356
773.jpg
1
134 38 380 270
520.jpg
0
537.jpg
1
104 74 206 213
807.jpg
1
70 151 159 261
856.jpg
1
224 97 476 370
611.jpg
1
233 119 534 425
539.jpg
4
204 124 250 179
436 134 467 178
78 198 143 249
280 145 320 189
507.jpg
2
136 40 315 271
112 601 190 682
543.jpg
1
186 66 431 341
902.jpg
1
562 227 816 470
836.jpg
1
144 237 480 609
517.jpg
2
212 84 355 268
315 207 457 289
763.jpg
1
277 183 596 470
735.jpg
1
11 21 732 745
723.jpg
1
246 36 771 550
906.jpg
1
188 61 415 316
646.jpg
3
48 43 136 149
138 110 261 234
477 82 573 187
903.jpg
1
247 222 424 376
683.jpg
1
175 194 419 479
697.jpg
2
348 59 559 243
271 156 441 324
632.jpg
2
169 93 462 435
447 4 758 331
808.jpg
1
174 116 221 174
644.jpg
1
546 164 724 360
840.jpg
1
165 22 292 144
797.jpg
1
187 83 271 170
857.jpg
0
613.jpg
1
540 175 772 473
693.jpg
1
224 23 345 142
849.jpg
1
65 40 154 135
737.jpg
1
483 124 938 742
884.jpg
1
408 253 658 523
719.jpg
1
157 100 809 793
605.jpg
1
394 155 583 358
703.jpg
1
543 192 707 307
699.jpg
1
250 229 415 380
514.jpg
1
414 50 651 340
640.jpg
1
100 5 298 232
895.jpg
1
39 46 509 648
523.jpg
1
144 255 333 440
913.jpg
1
172 221 447 509
553.jpg
1
253 145 354 246
686.jpg
1
139 14 392 207
661.jpg
1
239 111 482 386
806.jpg
0
759.jpg
1
370 74 804 527
504.jpg
1
164 83 641 496
778.jpg
1
201 204 309 333
900.jpg
1
409 182 774 633
670.jpg
1
541 165 829 461
930.jpg
1
252 111 667 574
821.jpg
1
199 20 306 142
882.jpg
1
500 136 877 629
513.jpg
1
208 107 366 239
545.jpg
1
102 232 401 551
764.jpg
1
421 54 950 580
742.jpg
1
297 164 506 357
779.jpg
1
338 13 961 758
749.jpg
1
533 82 781 342
890.jpg
1
136 95 373 283
657.jpg
1
245 143 551 406
908.jpg
1
140 51 321 213
654.jpg
1
394 72 499 208
542.jpg
2
238 76 318 162
308 75 396 165
578.jpg
1
556 166 725 357
509.jpg
1
354 131 801 636
629.jpg
2
31 16 206 225
165 54 385 295
614.jpg
1
507 288 772 541
680.jpg
1
127 26 659 665
516.jpg
1
231 125 283 185
745.jpg
1
109 62 371 398
692.jpg
1
255 80 1050 788
734.jpg
2
67 33 312 249
642 190 951 502
910.jpg
1
107 196 285 366
823.jpg
1
463 69 852 494
533.jpg
1
483 171 904 660
744.jpg
1
304 93 721 503
739.jpg
1
297 145 481 342
765.jpg
1
144 182 464 508
602.jpg
1
327 107 702 511
682.jpg
1
65 66 117 135
544.jpg
2
268 82 510 330
478 146 761 418
915.jpg
1
110 83 373 402
687.jpg
1
178 137 742 928
696.jpg
1
531 163 669 337
681.jpg
1
18 111 197 324
834.jpg
0
604.jpg
1
158 76 221 141
848.jpg
1
147 82 250 202
572.jpg
1
118 36 214 159
820.jpg
1
120 10 711 687
832.jpg
1
339 55 465 192
750.jpg
1
201 3 655 411
771.jpg
1
52 240 391 651
546.jpg
1
114 192 449 510
615.jpg
1
229 28 563 360
700.jpg
1
511 239 644 428
885.jpg
1
266 45 492 304
591.jpg
1
384 41 935 537
726.jpg
1
59 128 162 264
871.jpg
1
112 26 198 120
529.jpg
1
60 26 319 243
869.jpg
1
183 165 319 327
839.jpg
1
212 29 769 656
833.jpg
2
357 373 573 523
242 13 604 390
756.jpg
1
426 23 553 171
606.jpg
1
328 353 530 579
619.jpg
1
427 58 648 341
928.jpg
1
196 373 372 571
588.jpg
1
158 138 286 284
891.jpg
1
199 64 386 214
519.jpg
2
490 159 626 335
603 158 754 336
879.jpg
1
201 31 409 255
896.jpg
2
316 111 591 353
124 240 360 511
812.jpg
6
48 65 153 179
223 26 385 188
443 29 524 105
250 247 380 380
429 237 588 425
137 310 191 385
783.jpg
1
11 153 647 882
809.jpg
1
389 73 715 459
649.jpg
1
35 143 617 716
798.jpg
1
441 23 987 545
799.jpg
1
217 44 428 298
911.jpg
1
405 55 760 401
672.jpg
1
784 342 994 542
527.jpg
1
357 90 506 254
621.jpg
1
209 89 302 172
574.jpg
1
160 20 291 143
617.jpg
1
88 49 284 257
669.jpg
1
136 147 212 243
822.jpg
2
334 160 538 383
631 203 835 403
511.jpg
1
450 271 681 504
850.jpg
1
419 181 708 444
540.jpg
1
156 48 226 131
608.jpg
1
338 73 989 648
835.jpg
2
631 322 754 496
736 231 864 403
575.jpg
1
243 119 287 177
921.jpg
1
547 247 856 544
662.jpg
1
262 114 716 593
785.jpg
1
223 5 903 671
893.jpg
1
740 256 903 509
653.jpg
1
371 61 585 191
631.jpg
1
127 15 412 329
515.jpg
1
279 376 410 581
878.jpg
1
397 26 690 309
727.jpg
1
379 111 597 342
710.jpg
1
333 17 975 681
868.jpg
1
45 83 147 198
707.jpg
1
237 91 762 591
738.jpg
1
287 132 646 533
688.jpg
2
132 62 302 230
347 74 519 231
633.jpg
1
110 4 373 238
573.jpg
1
163 5 930 791
648.jpg
1
506 21 1138 741
562.jpg
1
506 124 736 372
887.jpg
1
589 50 1019 514
916.jpg
1
299 28 446 198
847.jpg
3
175 92 231 160
691 103 765 190
295 38 353 117
780.jpg
2
517 101 712 352
967 183 1138 472
505.jpg
1
488 92 758 391
589.jpg
1
256 121 551 441
920.jpg
1
292 186 373 265
888.jpg
1
370 89 529 273
800.jpg
1
391 169 474 288
753.jpg
2
175 112 440 398
618 130 881 389
782.jpg
2
315 131 413 223
187 123 304 230
722.jpg
1
272 48 690 608
585.jpg
1
11 74 138 234
757.jpg
1
68 20 329 321
595.jpg
1
160 45 230 120
618.jpg
1
186 77 248 135
841.jpg
2
531 240 668 371
343 247 456 353
561.jpg
1
125 256 615 798
901.jpg
1
221 95 855 638
736.jpg
1
264 63 484 302
866.jpg
1
591 365 901 664
724.jpg
1
287 55 528 323
852.jpg
3
240 165 389 324
461 91 763 381
234 375 355 516
656.jpg
1
336 112 611 440
851.jpg
1
74 22 352 273
819.jpg
1
660 107 860 312
815.jpg
1
306 145 693 518
593.jpg
1
342 155 926 737
524.jpg
1
563 45 777 307
518.jpg
1
8 50 445 731
718.jpg
1
517 76 825 427
590.jpg
1
213 68 668 598
892.jpg
1
169 100 423 369
712.jpg
1
491 186 754 444
559.jpg
1
6 50 529 637
538.jpg
1
296 119 381 219
616.jpg
1
71 191 297 462
788.jpg
1
358 57 544 269
929.jpg
2
254 163 340 253
105 217 167 279
636.jpg
1
50 194 108 253
781.jpg
1
257 167 784 643
826.jpg
2
288 100 411 241
464 250 623 378
729.jpg
1
225 36 299 128
638.jpg
1
364 263 655 540
880.jpg
1
206 207 404 394
817.jpg
1
241 101 641 604
586.jpg
1
173 42 248 125
845.jpg
1
631 43 1057 506
597.jpg
1
290 68 509 364
805.jpg
2
185 127 551 359
507 5 781 280
689.jpg
2
508 393 586 473
604 256 692 383
610.jpg
1
98 85 311 270
802.jpg
1
177 79 249 148
859.jpg
1
22 32 483 450
634.jpg
1
220 42 323 155
766.jpg
1
585 213 748 446
874.jpg
1
138 122 406 389
704.jpg
1
231 87 442 333
550.jpg
1
565 100 781 338
691.jpg
1
207 126 299 236
612.jpg
1
129 65 191 139
803.jpg
2
29 26 308 342
230 285 498 616
674.jpg
1
70 108 180 216
904.jpg
1
170 217 453 515
566.jpg
2
114 33 335 287
521 38 765 330
664.jpg
1
157 69 650 554
596.jpg
1
351 102 750 516
601.jpg
1
121 6 452 338
792.jpg
1
423 144 797 613
777.jpg
1
645 113 944 506
603.jpg
1
214 58 542 425
702.jpg
1
616 150 857 392
838.jpg
1
816 273 999 537
897.jpg
1
547 154 836 456
795.jpg
1
413 45 749 378
818.jpg
1
90 157 149 218
571.jpg
1
259 30 729 528
716.jpg
2
298 62 437 184
510 121 632 245
599.jpg
4
226 366 409 582
326 521 404 606
546 439 646 542
875 378 969 501
666.jpg
2
506 171 865 461
141 179 505 536
810.jpg
4
13 298 131 417
186 273 311 412
334 153 461 310
429 20 653 265
564.jpg
1
185 100 236 160
522.jpg
1
39 188 469 661
627.jpg
4
197 121 290 224
290 77 406 188
311 226 355 272
268 268 310 310
659.jpg
1
170 110 219 176
554.jpg
1
8 3 601 651
867.jpg
2
542 182 780 386
559 265 732 359
551.jpg
1
232 162 283 243
528.jpg
1
417 116 665 422
584.jpg
1
386 352 618 601
787.jpg
1
525 209 786 460
714.jpg
1
174 68 786 680
568.jpg
1
252 79 314 142
650.jpg
1
67 20 204 148
754.jpg
1
332 175 500 357
767.jpg
1
140 74 207 154
794.jpg
1
297 75 530 270
752.jpg
1
100 17 505 381
886.jpg
1
622 97 783 300
580.jpg
1
53 97 489 432
622.jpg
1
271 236 544 581
645.jpg
0
770.jpg
1
320 140 697 532
671.jpg
1
463 207 753 480
760.jpg
1
72 140 183 258
685.jpg
1
36 27 521 592
786.jpg
1
505 48 722 281
732.jpg
1
72 9 578 607
875.jpg
1
206 343 463 647
536.jpg
1
39 131 447 586
751.jpg
1
198 209 317 327
907.jpg
1
167 102 550 487
577.jpg
1
578 23 1020 522
525.jpg
1
619 99 782 305
556.jpg
1
67 8 208 226
547.jpg
1
384 163 548 376
768.jpg
3
53 12 207 183
8 325 122 494
46 664 184 835
534.jpg
1
178 89 233 165
676.jpg
1
114 27 314 212
814.jpg
4
40 12 227 197
336 69 577 252
138 251 291 402
377 378 516 537
679.jpg
1
290 78 619 407
557.jpg
6
217 27 282 101
553 6 640 94
400 194 479 267
260 443 352 560
13 386 136 544
279 157 353 225
889.jpg
1
166 82 242 180
746.jpg
1
384 204 470 316
678.jpg
1
376 34 561 226
620.jpg
1
114 70 242 192
876.jpg
1
528 191 772 401
579.jpg
3
29 18 259 320
539 16 703 193
805 326 940 452
774.jpg
1
167 51 771 718
639.jpg
1
67 105 651 755
694.jpg
0
748.jpg
1
97 104 453 454
853.jpg
1
223 94 268 152
706.jpg
1
345 85 408 152
715.jpg
2
387 51 604 280
174 160 309 258
931.jpg
1
658 194 865 411
713.jpg
1
286 12 752 579
772.jpg
1
54 137 346 423
860.jpg
0
743.jpg
1
477 56 697 318
914.jpg
1
35 184 174 346
762.jpg
1
137 73 215 165
651.jpg
1
376 248 721 613
563.jpg
1
349 34 860 645
626.jpg
1
767 55 1046 374
828.jpg
1
192 31 424 254
844.jpg
1
95 119 289 338
831.jpg
1
107 43 314 253
570.jpg
1
175 51 232 120
927.jpg
1
110 26 439 382
594.jpg
1
441 215 936 580
861.jpg
1
178 84 226 152
508.jpg
1
150 204 635 608
512.jpg
1
290 164 516 353
675.jpg
1
307 166 454 348
923.jpg
1
137 61 525 610
558.jpg
1
253 104 646 596
755.jpg
1
114 107 547 567
673.jpg
1
306 118 387 193
635.jpg
1
149 73 231 175
842.jpg
1
410 62 828 422
830.jpg
1
80 42 466 384
695.jpg
1
369 33 853 536
526.jpg
1
708 39 962 303
684.jpg
1
203 6 287 119
647.jpg
1
198 93 505 511
576.jpg
1
157 77 550 479
628.jpg
1
874 74 1077 346
567.jpg
1
333 210 566 481
863.jpg
2
116 139 514 639
461 92 860 678
741.jpg
1
314 112 362 191
905.jpg
1
569 221 993 621
789.jpg
1
19 92 204 290
549.jpg
2
487 349 554 430
583 313 713 436
854.jpg
1
177 303 352 498
725.jpg
1
290 208 491 473
846.jpg
1
308 17 776 521
796.jpg
1
469 109 723 420
776.jpg
1
54 220 378 541
898.jpg
3
284 18 455 218
486 133 716 399
504 348 875 625
747.jpg
1
285 17 766 537
